ja: 4.291
ko: 4.305266666666666
en: 24.489166666666666
de: 21.946533333333335
ru: 19.6739
ro: 22.544
ar: 19.4332
es: 22.169
pl: 23.959366666666668
fr: 20.8046
